lr: 0.0032583173001756705
weight_decay: 0.00012636656674291956
slope: 0.2205048614916749
offset: 0.08878509179533804
noise: 0.006437112250435284
shift: 0.035264225649081195
