lr: 0.0018954284216314142
weight_decay: 0.0016588041621735392
slope: 0.0827711837544196
offset: 0.21941183393658298
noise: 0.07842933370996245
shift: 0.16167118153334809
