lr: 0.001466828807999247
weight_decay: 0.0007110579356898032
slope: 0.18949473711233458
offset: 0.23031722792867895
noise: 0.04836300422330057
shift: 0.13426519628782005
