lr: 0.0035127039913808284
weight_decay: 0.00559062178246696
slope: 0.21335033968369438
offset: 0.19324722694501062
noise: 0.0016349723303210383
shift: 0.05287417590808223
