lr: 0.0012788772671888061
weight_decay: 0.00030821440611246865
slope: 0.17914467379638602
offset: 0.008737133012315513
noise: 0.019304365630378507
shift: 0.044750838330888505
