lr: 0.0017164229565833247
weight_decay: 0.000489952651436657
slope: 0.0894116054005047
offset: 0.14183075293866998
noise: 0.06679638225139257
shift: 0.20861487626983852
