lr: 1.2127331730047475e-05
weight_decay: 0.00022749800725968281
slope: 0.2195300156687034
offset: 0.22475381217987897
noise: 0.06838923057927412
shift: 0.03621029499432621
