lr: 2.6350832727550737e-05
weight_decay: 0.005013212017705529
slope: 0.18112676873956698
offset: 0.00291259314251916
noise: 0.1759578401546245
shift: 0.11820284552058016
